13 01 2021 -500.45 GBP 41711555 40974313
13 01 2021 -500 EUR 38547035 40974313
13 01 2021 -1000 PLN 38547035 40974313
13 01 2021 -1000 PLN 38547035 40974313
13 01 2021 -1200 PLN 38547035 40974313
13 01 2021 -500 PLN 38547035 40974313
13 01 2021 -300 PLN 03700877 40974313
13 01 2021 100 PLN 40974313 41711555
13 01 2021 100 PLN 40974313 41711555
13 01 2021 100 PLN 40974313 41711555
13 01 2021 100 PLN 40974313 41711555
13 01 2021 100 PLN 40974313 41711555
13 01 2021 100 PLN 40974313 41711555
13 01 2021 100 PLN 40974313 41711555
13 01 2021 100 PLN 40974313 41711555
13 01 2021 100 PLN 40974313 41711555
13 01 2021 100 PLN 40974313 41711555
13 01 2021 100 PLN 40974313 41711555
13 01 2021 100 PLN 40974313 41711555
13 01 2021 100 PLN 40974313 41711555
13 01 2021 100 PLN 40974313 41711555
13 01 2021 100 PLN 40974313 41711555
13 01 2021 100 PLN 40974313 41711555
13 01 2021 100 PLN 40974313 41711555
13 01 2021 100 PLN 40974313 41711555
13 01 2021 100 PLN 40974313 41711555
13 01 2021 100 PLN 40974313 41711555
13 01 2021 100 PLN 40974313 41711555
13 01 2021 100 PLN 40974313 41711555
13 01 2021 100 PLN 40974313 41711555
13 01 2021 100 PLN 40974313 41711555
13 01 2021 100 PLN 40974313 41711555
13 01 2021 100 PLN 40974313 41711555
13 01 2021 100 PLN 40974313 41711555
13 01 2021 100 PLN 40974313 41711555
13 01 2021 100 PLN 40974313 41711555
13 01 2021 100 PLN 40974313 41711555
13 01 2021 100 PLN 40974313 41711555
13 01 2021 100 PLN 40974313 41711555
13 01 2021 100 PLN 40974313 41711555
13 01 2021 100 PLN 40974313 41711555
13 01 2021 100 PLN 40974313 41711555
13 01 2021 100 PLN 40974313 41711555
13 01 2021 100 PLN 40974313 41711555
13 01 2021 100 PLN 40974313 41711555
13 01 2021 100 PLN 40974313 41711555
13 01 2021 100 PLN 40974313 41711555
13 01 2021 100 PLN 40974313 41711555
13 01 2021 100 PLN 40974313 41711555
13 01 2021 100 PLN 40974313 41711555