13 01 2021 -300 PLN 03700877 41711555
13 01 2021 -100 PLN 40974313 41711555
13 01 2021 -100 PLN 40974313 41711555
13 01 2021 -100 PLN 40974313 41711555
13 01 2021 -100 PLN 40974313 41711555
13 01 2021 -100 PLN 40974313 41711555
13 01 2021 -100 PLN 40974313 41711555
13 01 2021 -100 PLN 40974313 41711555
13 01 2021 -100 PLN 40974313 41711555
13 01 2021 -100 PLN 40974313 41711555
13 01 2021 -100 PLN 40974313 41711555
13 01 2021 -100 PLN 40974313 41711555
13 01 2021 -100 PLN 40974313 41711555
13 01 2021 -100 PLN 40974313 41711555
13 01 2021 -100 PLN 40974313 41711555
13 01 2021 -100 PLN 40974313 41711555
13 01 2021 -100 PLN 40974313 41711555
13 01 2021 -100 PLN 40974313 41711555
13 01 2021 -100 PLN 40974313 41711555
13 01 2021 -100 PLN 40974313 41711555
13 01 2021 -100 PLN 40974313 41711555
13 01 2021 -100 PLN 40974313 41711555
13 01 2021 -100 PLN 40974313 41711555
13 01 2021 -100 PLN 40974313 41711555
13 01 2021 -100 PLN 40974313 41711555
13 01 2021 -100 PLN 40974313 41711555
13 01 2021 -100 PLN 40974313 41711555
13 01 2021 -100 PLN 40974313 41711555
13 01 2021 -100 PLN 40974313 41711555
13 01 2021 -100 PLN 40974313 41711555
13 01 2021 -100 PLN 40974313 41711555
13 01 2021 -100 PLN 40974313 41711555
13 01 2021 -100 PLN 40974313 41711555
13 01 2021 -100 PLN 40974313 41711555
13 01 2021 -100 PLN 40974313 41711555
13 01 2021 -100 PLN 40974313 41711555
13 01 2021 -100 PLN 40974313 41711555
13 01 2021 -100 PLN 40974313 41711555
13 01 2021 -100 PLN 40974313 41711555
13 01 2021 -100 PLN 40974313 41711555
13 01 2021 -100 PLN 40974313 41711555
13 01 2021 -100 PLN 40974313 41711555
13 01 2021 -100 PLN 40974313 41711555
13 01 2021 -100 PLN 40974313 41711555